8.772
15.529
23.975
31.528
29.195
18.819
15.301
11.644
5.446
2.947
3.090
5.120
8.772
15.529
23.975
31.528
29.195
18.819
15.301
11.644
5.446
2.947
3.090
5.120
8.772
15.529
23.975
31.528
29.195
18.819
15.301
11.644
5.446
2.947
3.090
5.120
8.772
15.529
23.975
31.528
29.195
18.819
15.301
11.644
5.446
2.947
3.090
5.120
8.772
15.529
23.975
31.528
29.195
18.819
15.301
11.644
5.446
2.947
3.090
5.120
8.772
15.529
23.975
31.528
29.195
18.819
15.301
11.644
5.446
2.947
3.090
5.120
8.772
15.529
23.975
31.528
29.195
18.819
15.301
11.644
5.446
2.947
3.090
5.120
8.772
15.529
23.975
31.528
29.195
18.819
15.301
11.644
5.446
2.947
3.090
5.120
8.772
15.529
23.975
31.528
29.195
18.819
15.301
11.644
5.446
2.947
3.090
5.120
8.772
15.529
23.975
31.528
29.195
18.819
15.301
11.644
5.446
2.947
3.090
5.120
8.772
15.529
23.975
31.528
29.195
18.819
15.301
11.644
5.446
2.947
3.090
5.120
8.772
15.529
23.975
31.528
29.195
18.819
15.301
11.644
5.446
2.947
3.090
5.120
8.772
15.529
23.975
31.528
29.195
18.819
15.301
11.644
5.446
2.947
3.090
5.120
8.772
15.529
23.975
31.528
29.195
18.819
15.301
11.644
5.446
2.947
3.090
5.120
8.772
15.529
23.975
31.528
29.195
18.819
15.301
11.644
5.446
2.947
3.090
5.120
8.772
15.529
23.975
31.528
29.195
18.819
15.301
11.644
5.446
2.947
3.090
5.120
8.772
15.529
23.975
31.528
29.195
18.819
15.301
11.644
5.446
2.947
3.090
5.120
8.772
15.529
23.975
31.528
29.195
18.819
15.301
11.644
5.446
2.947
3.090
5.120
8.772
15.529
23.975
31.528
29.195
18.819
15.301
11.644
5.446
2.947
3.090
5.120
8.772
15.529
23.975
31.528
29.195
18.819
15.301
11.644
5.446
2.947
3.090
5.120
8.772
15.529
23.975
31.528
29.195
18.819
15.301
11.644
5.446
2.947
3.090
5.120
8.772
15.529
23.975
31.528
29.195
18.819
15.301
11.644
5.446
2.947
3.090
5.120
8.772
15.529
23.975
31.528
29.195
18.819
15.301
11.644
5.446
2.947
3.090
5.120
8.772
15.529
23.975
31.528
29.195
18.819
15.301
11.644
5.446
2.947
3.090
5.120
8.772
15.529
23.975
31.528
29.195
18.819
15.301
11.644
5.446
2.947
3.090
5.120
8.772
15.529
23.975
31.528
29.195
18.819
15.301
11.644
5.446
2.947
3.090
5.120
8.772
15.529
23.975
31.528
29.195
18.819
15.301
11.644
5.446
2.947
3.090
5.120
8.772
15.529
23.975
31.528
29.195
18.819
15.301
11.644
5.446
2.947
3.090
5.120
8.772
15.529
23.975
31.528
29.195
18.819
15.301
11.644
5.446
2.947
3.090
5.120
8.772
15.529
23.975
31.528
29.195
18.819
15.301
11.644
5.446
2.947
3.090
5.120
